deltaT = 707-672;
aveT = (707+672)/2;
ave_rho = 2413-0.488*(aveT+273.15);
1E7/(2386 * deltaT)

0.675^2*pi*ave_rho*0.13*0.4

%2D inlet Temp: 671.6779599563074
%2D outlet temp:707.4719836079589