%% Serpent results
fuel_temp = [300, 600, 900, 1200, 1500];
keff = [9.89334E-01 9.87615E-01 9.58675E-01, 9.57168E-01 9.12511E-01];

fuel_serpent = -0.0000596655; % computed from serpent outputs
flibe_serpent = -0.0000196931; % computed from serpent outputs

%comsol feedback coef for fuel
fuel_comsol = -0.0000672071;


%comsol feedback coef for flibe
flibe_comsol= -0.0000217063;