%% Serpent results
fuel_temp = [300, 900, 1500];
keff = [0.989230 0.958558 0.912400];
